[000,100,060,100, 000,100,100,040, 100,040,150,130, 000,030,140,050, 110,020,010,120, 120,140,050,000, 030,110,130,150, 020,010,000,160, 1, 0, 0, 0, 0, 0, 0, 0, 0, 0, 0, 0, 0, 0, 0, 0, 0, 0, 0, 0]
[000,100,060,100, 000,100,100,040, 100,040,150,130, 000,030,140,050, 110,020,010,120, 120,140,050,000, 030,110,130,150, 020,010,000,160, 1, 0, 0, 1, 0, 0, 0, 0, 0, 0, 0, 0, 0, 0, 0, 0, 0, 0, 0, 0]
[000,100,060,100, 000,101,100,040, 100,040,150,130, 000,030,140,050, 110,020,010,120, 120,140,050,000, 030,110,130,150, 020,010,000,160, 0, 0, 0, 2, 0, 0, 0, 0, 0, 0, 0, 0, 0, 0, 0, 0, 0, 0, 0, 0]
[000,100,060,100, 000,101,100,041, 100,040,150,130, 000,030,140,050, 110,020,010,120, 120,140,050,000, 030,110,130,150, 020,010,000,160, 1, 0, 0, 3, 0, 0, 0, 0, 0, 0, 0, 0, 0, 0, 0, 0, 0, 0, 0, 0]
[000,100,060,100, 000,101,100,041, 100,040,150,131, 000,030,140,050, 110,020,010,120, 120,140,050,000, 030,110,130,150, 020,010,000,160, 0, 0, 0, 4, 0, 0, 0, 0, 0, 0, 0, 0, 0, 0, 0, 0, 0, 0, 0, 0]
[000,100,060,100, 000,101,100,041, 100,040,151,131, 000,030,140,050, 110,020,010,120, 120,140,050,000, 030,110,130,150, 020,010,000,160, 1, 0, 0, 5, 0, 0, 0, 0, 0, 0, 0, 0, 0, 0, 0, 0, 0, 0, 0, 0]
[000,100,060,100, 000,101,100,041, 100,040,151,131, 000,031,140,050, 110,020,010,120, 120,140,050,000, 030,110,130,150, 020,010,000,160, 0, 0, 0, 6, 0, 0, 0, 0, 0, 0, 0, 0, 0, 0, 0, 0, 0, 0, 0, 0]
[000,100,060,100, 000,101,100,041, 100,040,151,131, 000,031,140,050, 110,021,010,120, 120,140,050,000, 030,110,130,150, 020,010,000,160, 1, 0, 0, 7, 0, 0, 0, 0, 0, 0, 0, 0, 0, 0, 0, 0, 0, 0, 0, 0]
[000,100,060,100, 000,101,100,041, 100,040,151,131, 000,031,140,050, 110,021,011,120, 120,140,050,000, 030,110,130,150, 020,010,000,160, 0, 0, 0, 8, 0, 0, 0, 0, 0, 0, 0, 0, 0, 0, 0, 0, 0, 0, 0, 0]
[000,100,060,100, 000,101,100,041, 100,040,151,131, 000,031,140,050, 110,021,011,120, 120,140,050,001, 030,110,130,150, 020,010,000,160, 1, 0, 0, 9, 0, 0, 0, 0, 0, 0, 0, 0, 0, 0, 0, 0, 0, 0, 0, 0]
[000,100,060,100, 000,101,100,041, 100,040,151,131, 000,031,140,050, 110,021,011,120, 120,140,051,001, 030,110,130,150, 020,010,000,160, 0, 0, 0, 10, 0, 0, 0, 0, 0, 0, 0, 0, 0, 0, 0, 0, 0, 0, 0, 0]
[000,100,060,100, 000,101,100,041, 100,040,151,131, 000,031,140,050, 110,021,011,120, 120,141,051,001, 030,110,130,150, 020,010,000,160, 1, 0, 0, 13, 0, 0, 0, 0, 0, 0, 0, 0, 0, 0, 0, 0, 0, 0, 0, 0]
[000,100,060,100, 000,101,100,041, 100,040,151,131, 000,031,140,050, 110,021,011,120, 120,141,051,001, 030,110,130,151, 020,010,000,160, 0, 0, 0, 15, 0, 0, 0, 0, 0, 0, 0, 0, 0, 0, 0, 0, 0, 0, 0, 0]
[000,100,060,100, 000,101,100,041, 100,040,151,131, 000,031,140,050, 110,021,011,120, 120,141,051,001, 030,110,130,151, 020,010,001,160, 1, 0, 0, 16, 0, 0, 0, 0, 0, 0, 0, 0, 0, 0, 0, 0, 0, 0, 0, 0]
[000,100,060,100, 000,101,100,041, 100,040,151,131, 000,031,140,050, 110,021,011,120, 120,141,051,001, 030,111,130,151, 020,010,001,160, 0, 0, 0, 17, 0, 0, 0, 0, 0, 0, 0, 0, 0, 0, 0, 0, 0, 0, 0, 0]
[000,100,060,100, 000,101,100,041, 100,040,151,131, 000,031,140,050, 110,021,011,120, 120,141,051,001, 031,111,130,151, 020,010,001,160, 1, 0, 0, 22, 0, 0, 0, 0, 0, 0, 0, 0, 0, 0, 0, 0, 0, 0, 0, 0]
[000,100,060,100, 000,101,100,041, 100,040,151,131, 000,031,140,050, 110,021,011,120, 120,141,051,001, 031,111,130,151, 020,010,001,161, 0, 0, 0, 23, 0, 0, 0, 0, 0, 0, 0, 0, 0, 0, 0, 0, 0, 0, 0, 0]
[000,100,060,100, 000,101,100,041, 100,040,151,131, 000,031,140,050, 110,021,011,120, 120,141,051,001, 031,111,130,151, 020,011,001,161, 1, 0, 0, 24, 0, 0, 0, 0, 0, 0, 0, 0, 0, 0, 0, 0, 0, 0, 0, 0]
[000,100,060,100, 000,101,100,041, 100,040,151,131, 000,031,140,050, 110,021,011,120, 120,141,051,001, 031,111,130,151, 021,011,001,161, 0, 0, 0, 25, 0, 0, 0, 0, 0, 0, 0, 0, 0, 0, 0, 0, 0, 0, 0, 0]
[000,100,060,100, 000,101,100,041, 100,040,151,131, 000,031,140,050, 111,021,011,120, 120,141,051,001, 031,111,130,151, 021,011,001,161, 1, 0, 0, 26, 0, 0, 0, 0, 0, 0, 0, 0, 0, 0, 0, 0, 0, 0, 0, 0]
[000,100,060,100, 000,101,100,041, 101,040,151,131, 000,031,140,050, 111,021,011,120, 120,141,051,001, 031,111,130,151, 021,011,001,161, 0, 0, 0, 27, 0, 0, 0, 0, 0, 0, 0, 0, 0, 0, 0, 0, 0, 0, 0, 0]
[000,100,060,100, 000,101,100,041, 101,041,151,131, 000,031,140,050, 111,021,011,120, 120,141,051,001, 031,111,130,151, 021,011,001,161, 1, 0, 0, 28, 0, 0, 0, 0, 0, 0, 0, 0, 0, 0, 0, 0, 0, 0, 1, 1]
